Matrix 0 (A) is
[[ 1.  4.  0.  6.  0.  6.  0.  7.  2.  2.  6.  9.  1.  9.  3.  1.]
 [ 5.  5.  4.  3.  8.  3.  6.  4.  8.  0.  2.  0.  7.  1.  0.  8.]
 [ 6.  5.  3.  6.  4.  0.  7.  6.  4.  3.  9.  6.  0.  1.  5.  2.]
 [ 8.  5.  6.  1.  3.  1.  2.  0.  8.  8.  3.  9.  9.  7.  3.  2.]
 [ 9.  8.  6.  9.  0.  8.  9.  2.  4.  4.  0.  6.  9.  8.  3.  7.]
 [ 4.  2.  3.  8.  0.  7.  4.  9.  6.  3.  6.  9.  7.  3.  5.  4.]
 [ 4.  5.  4.  3.  0.  9.  0.  3.  8.  1.  4.  0.  9.  6.  3.  8.]
 [ 8.  3.  5.  6.  9.  7.  4.  2.  9.  4.  5.  1.  3.  3.  6.  2.]
 [ 4.  2.  6.  9.  0.  6.  4.  3.  8.  4.  8.  9.  7.  3.  8.  2.]
 [ 8.  1.  7.  4.  4.  8.  3.  1.  9.  9.  7.  4.  0.  8.  7.  5.]
 [ 6.  1.  9.  1.  5.  1.  9.  5.  8.  2.  6.  2.  0.  0.  3.  0.]
 [ 2.  8.  6.  8.  6.  4.  1.  7.  6.  0.  4.  2.  8.  7.  4.  2.]
 [ 7.  9.  6.  4.  5.  5.  9.  3.  8.  3.  6.  6.  9.  0.  7.  7.]
 [ 5.  4.  0.  3.  7.  1.  9.  0.  8.  9.  1.  4.  2.  1.  1.  7.]
 [ 3.  7.  3.  2.  5.  9.  0.  5.  8.  9.  4.  4.  2.  6.  1.  7.]
 [ 9.  3.  4.  2.  5.  6.  7.  5.  8.  0.  3.  3.  1.  1.  2.  9.]]
Matrix 1 (B) is
[[ 8.  5.  3.  0.  8.  2.  5.  3.  4.  2.  9.  0.  2.  4.  9.  7.]
 [ 0.  9.  8.  1.  1.  4.  7.  3.  8.  5.  6.  0.  0.  6.  4.  7.]
 [ 6.  4.  4.  7.  3.  5.  1.  2.  4.  2.  6.  0.  3.  3.  5.  8.]
 [ 9.  7.  1.  3.  4.  8.  3.  3.  9.  4.  6.  7.  1.  9.  3.  3.]
 [ 6.  0.  2.  7.  9.  6.  7.  8.  1.  4.  9.  4.  1.  6.  2.  1.]
 [ 9.  3.  7.  5.  6.  2.  7.  6.  5.  7.  6.  7.  8.  4.  7.  2.]
 [ 3.  7.  0.  9.  1.  2.  3.  1.  7.  4.  1.  0.  2.  5.  5.  9.]
 [ 0.  5.  0.  1.  8.  1.  9.  7.  1.  8.  9.  3.  9.  4.  4.  8.]
 [ 4.  1.  9.  7.  6.  7.  3.  6.  2.  1.  9.  0.  9.  4.  0.  4.]
 [ 7.  5.  6.  9.  5.  9.  3.  3.  1.  1.  6.  3.  7.  3.  0.  0.]
 [ 0.  7.  2.  0.  3.  4.  9.  6.  4.  8.  1.  6.  1.  9.  2.  3.]
 [ 4.  1.  0.  1.  6.  9.  6.  1.  3.  5.  0.  8.  3.  2.  5.  4.]
 [ 9.  0.  4.  4.  3.  2.  7.  4.  9.  9.  7.  9.  1.  2.  0.  6.]
 [ 4.  0.  3.  9.  0.  5.  0.  5.  3.  4.  6.  5.  7.  8.  4.  8.]
 [ 2.  2.  0.  7.  0.  5.  7.  4.  9.  4.  6.  0.  6.  9.  3.  2.]
 [ 1.  5.  2.  7.  6.  7.  2.  4.  0.  0.  8.  8.  0.  0.  8.  0.]]
Answer is
[[ 226.  210.  158.  213.  231.  291.  306.  246.  247.  298.  291.  281.
   266.  321.  223.  267.]
 [ 291.  240.  234.  320.  320.  283.  311.  288.  262.  255.  442.  230.
   193.  267.  249.  299.]
 [ 242.  316.  163.  260.  291.  328.  366.  264.  302.  292.  350.  208.
   220.  371.  257.  319.]
 [ 383.  227.  289.  365.  316.  401.  335.  276.  319.  290.  441.  272.
   284.  323.  252.  358.]
 [ 482.  372.  314.  448.  356.  428.  393.  319.  472.  377.  539.  362.
   310.  417.  406.  471.]
 [ 367.  302.  226.  323.  361.  382.  430.  326.  371.  390.  448.  359.
   336.  381.  304.  366.]
 [ 322.  231.  290.  322.  279.  293.  321.  304.  306.  298.  452.  295.
   274.  297.  265.  298.]
 [ 398.  275.  281.  387.  365.  372.  383.  349.  339.  303.  502.  241.
   305.  408.  283.  319.]
 [ 404.  305.  256.  366.  331.  429.  419.  318.  421.  376.  440.  340.
   329.  427.  288.  363.]
 [ 413.  301.  311.  462.  371.  452.  368.  358.  324.  297.  512.  284.
   385.  431.  333.  337.]
 [ 237.  241.  176.  290.  268.  255.  280.  236.  230.  222.  333.  107.
   232.  288.  219.  316.]
 [ 341.  270.  261.  333.  305.  344.  386.  341.  371.  364.  488.  292.
   278.  403.  251.  377.]
 [ 409.  381.  318.  430.  393.  436.  489.  363.  461.  400.  545.  322.
   294.  431.  362.  434.]
 [ 287.  249.  224.  362.  302.  352.  264.  237.  225.  184.  374.  200.
   209.  259.  221.  235.]
 [ 333.  278.  326.  378.  364.  395.  362.  344.  251.  293.  485.  299.
   340.  331.  280.  285.]
 [ 289.  275.  224.  319.  355.  302.  327.  290.  250.  247.  440.  219.
   248.  286.  329.  313.]]
Your answer is:
[[ 226.  210.  158.  213.  231.  291.  306.  246.  247.  298.  291.  281.
   266.  321.  223.  267.]
 [ 291.  240.  234.  320.  320.  283.  311.  288.  262.  255.  442.  230.
   193.  267.  249.  299.]
 [ 242.  316.  163.  260.  291.  328.  366.  264.  302.  292.  350.  208.
   220.  371.  257.  319.]
 [ 383.  227.  289.  365.  316.  401.  335.  276.  319.  290.  441.  272.
   284.  323.  252.  358.]
 [ 482.  372.  314.  448.  356.  428.  393.  319.  472.  377.  539.  362.
   310.  417.  406.  471.]
 [ 367.  302.  226.  323.  361.  382.  430.  326.  371.  390.  448.  359.
   336.  381.  304.  366.]
 [ 322.  231.  290.  322.  279.  293.  321.  304.  306.  298.  452.  295.
   274.  297.  265.  298.]
 [ 398.  275.  281.  387.  365.  372.  383.  349.  339.  303.  502.  241.
   305.  408.  283.  319.]
 [ 404.  305.  256.  366.  331.  429.  419.  318.  421.  376.  440.  340.
   329.  427.  288.  363.]
 [ 413.  301.  311.  462.  371.  452.  368.  358.  324.  297.  512.  284.
   385.  431.  333.  337.]
 [ 237.  241.  176.  290.  268.  255.  280.  236.  230.  222.  333.  107.
   232.  288.  219.  316.]
 [ 341.  270.  261.  333.  305.  344.  386.  341.  371.  364.  488.  292.
   278.  403.  251.  377.]
 [ 409.  381.  318.  430.  393.  436.  489.  363.  461.  400.  545.  322.
   294.  431.  362.  434.]
 [ 287.  249.  224.  362.  302.  352.  264.  237.  225.  184.  374.  200.
   209.  259.  221.  235.]
 [ 333.  278.  326.  378.  364.  395.  362.  344.  251.  293.  485.  299.
   340.  331.  280.  285.]
 [ 289.  275.  224.  319.  355.  302.  327.  290.  250.  247.  440.  219.
   248.  286.  329.  313.]]
##########

                                   ___
                               ,-""   `.
       Thank Mr. Goose       ,'  _   ' )`-._
                            /  ,' `-._<.===-'
                           /  /
                          /  ;
              _          /   ;
 (`._    _.-"" ""--..__,'    |
 <_  `-""                     \
  <`-                          :
   (__   <__.                  ;
     `-.   '-.__.      _.'    /
        \      `-.__,-'    _,'
         `._    ,    /__,-'
            ""._\__,'< <____
                 | |  `----.`.
                 | |        \ `.
                 ; |___      \-``
                 \   --<
                  `.`.<
                    `-'
                    

##########
