Matrix 0 (A) is
[[ 0.  1.  2.  0.  7.  6.  4.  6.]
 [ 5.  8.  5.  9.  8.  2.  4.  4.]
 [ 9.  7.  9.  5.  2.  5.  7.  4.]
 [ 6.  5.  5.  5.  8.  3.  1.  6.]
 [ 7.  5.  7.  9.  9.  1.  6.  8.]
 [ 9.  7.  6.  2.  0.  2.  1.  8.]
 [ 4.  4.  7.  4.  1.  9.  0.  8.]
 [ 6.  1.  0.  1.  7.  1.  2.  2.]]
Matrix 1 (B) is
[[ 2.  5.  3.  6.  9.  9.  2.  4.]
 [ 0.  5.  8.  6.  4.  4.  7.  8.]
 [ 3.  7.  1.  0.  2.  5.  8.  8.]
 [ 7.  4.  5.  2.  8.  2.  9.  7.]
 [ 1.  5.  3.  4.  0.  6.  3.  5.]
 [ 2.  0.  5.  5.  1.  5.  4.  5.]
 [ 6.  0.  6.  7.  6.  0.  4.  8.]
 [ 0.  1.  3.  8.  0.  3.  0.  4.]]
Answer is
[[  49.   60.  103.  140.   38.  104.   84.  145.]
 [ 124.  180.  199.  198.  185.  190.  235.  285.]
 [ 134.  177.  202.  220.  214.  213.  238.  306.]
 [  82.  156.  151.  178.  133.  190.  172.  226.]
 [ 145.  198.  205.  237.  206.  219.  241.  317.]
 [  60.  138.  139.  181.  145.  177.  145.  204.]
 [  76.  118.  143.  169.  107.  170.  167.  214.]
 [  40.   76.   75.  107.   79.  113.   61.  103.]]
Your answer is:
[[  49.   60.  103.  140.   38.  104.   84.  145.]
 [ 124.  180.  199.  198.  185.  190.  235.  285.]
 [ 134.  177.  202.  220.  214.  213.  238.  306.]
 [  82.  156.  151.  178.  133.  190.  172.  226.]
 [ 145.  198.  205.  237.  206.  219.  241.  317.]
 [  60.  138.  139.  181.  145.  177.  145.  204.]
 [  76.  118.  143.  169.  107.  170.  167.  214.]
 [  40.   76.   75.  107.   79.  113.   61.  103.]]
##########

                                   ___
                               ,-""   `.
       Thank Mr. Goose       ,'  _   ' )`-._
                            /  ,' `-._<.===-'
                           /  /
                          /  ;
              _          /   ;
 (`._    _.-"" ""--..__,'    |
 <_  `-""                     \
  <`-                          :
   (__   <__.                  ;
     `-.   '-.__.      _.'    /
        \      `-.__,-'    _,'
         `._    ,    /__,-'
            ""._\__,'< <____
                 | |  `----.`.
                 | |        \ `.
                 ; |___      \-``
                 \   --<
                  `.`.<
                    `-'
                    

##########
