Matrix 0 (A) is
[[ 3.  5.  5.  4.  0.  0.  4.  3.]
 [ 5.  5.  3.  4.  7.  5.  9.  2.]
 [ 3.  7.  7.  8.  5.  5.  3.  8.]
 [ 1.  4.  1.  2.  4.  8.  4.  8.]
 [ 6.  8.  3.  1.  3.  5.  5.  3.]
 [ 1.  1.  4.  7.  7.  9.  4.  8.]
 [ 3.  1.  6.  0.  7.  9.  1.  7.]
 [ 7.  2.  4.  3.  0.  9.  5.  6.]]
Matrix 1 (B) is
[[ 7.  2.  9.  0.  0.  5.  0.  3.]
 [ 5.  9.  7.  2.  5.  7.  6.  3.]
 [ 0.  9.  3.  7.  1.  5.  4.  5.]
 [ 9.  5.  8.  8.  8.  4.  0.  5.]
 [ 4.  7.  1.  0.  6.  7.  8.  8.]
 [ 2.  0.  9.  2.  0.  8.  6.  5.]
 [ 9.  2.  7.  0.  3.  2.  8.  9.]
 [ 2.  7.  8.  8.  6.  1.  7.  0.]]
Answer is
[[ 124.  145.  161.  101.   92.  102.  103.  105.]
 [ 219.  183.  252.   89.  141.  200.  214.  227.]
 [ 201.  269.  296.  201.  193.  220.  220.  197.]
 [ 129.  149.  224.  111.  121.  154.  196.  138.]
 [ 164.  168.  234.   79.  102.  179.  175.  156.]
 [ 173.  195.  264.  168.  167.  197.  220.  198.]
 [  95.  169.  203.  118.   98.  182.  197.  152.]
 [ 161.  135.  277.  122.   89.  169.  164.  152.]]
Your answer is:
[[ 124.  145.  161.  101.   92.  102.  103.  105.]
 [ 219.  183.  252.   89.  141.  200.  214.  227.]
 [ 201.  269.  296.  201.  193.  220.  220.  197.]
 [ 129.  149.  224.  111.  121.  154.  196.  138.]
 [ 164.  168.  234.   79.  102.  179.  175.  156.]
 [ 173.  195.  264.  168.  167.  197.  220.  198.]
 [  95.  169.  203.  118.   98.  182.  197.  152.]
 [ 161.  135.  277.  122.   89.  169.  164.  152.]]
##########

                                   ___
                               ,-""   `.
       Thank Mr. Goose       ,'  _   ' )`-._
                            /  ,' `-._<.===-'
                           /  /
                          /  ;
              _          /   ;
 (`._    _.-"" ""--..__,'    |
 <_  `-""                     \
  <`-                          :
   (__   <__.                  ;
     `-.   '-.__.      _.'    /
        \      `-.__,-'    _,'
         `._    ,    /__,-'
            ""._\__,'< <____
                 | |  `----.`.
                 | |        \ `.
                 ; |___      \-``
                 \   --<
                  `.`.<
                    `-'
                    

##########
