Matrix 0 (A) is
[[ 6.  2.  0.  9.  7.  9.  6.  6.]
 [ 7.  4.  4.  1.  0.  1.  9.  2.]
 [ 7.  3.  0.  2.  9.  6.  0.  2.]
 [ 2.  8.  0.  5.  9.  3.  5.  2.]
 [ 2.  6.  9.  7.  1.  2.  9.  9.]
 [ 6.  8.  2.  9.  5.  1.  0.  4.]
 [ 6.  3.  4.  7.  5.  1.  2.  9.]
 [ 2.  5.  4.  9.  6.  0.  3.  8.]]
Matrix 1 (B) is
[[ 3.  0.  9.  9.  3.  8.  5.  8.]
 [ 9.  9.  1.  8.  0.  8.  8.  9.]
 [ 0.  3.  0.  6.  6.  1.  7.  9.]
 [ 8.  6.  4.  4.  2.  4.  1.  5.]
 [ 1.  9.  7.  8.  0.  1.  2.  7.]
 [ 4.  5.  1.  7.  1.  6.  8.  5.]
 [ 1.  2.  9.  2.  0.  1.  2.  4.]
 [ 6.  8.  9.  7.  2.  1.  9.  9.]]
Answer is
[[ 193.  240.  258.  279.   57.  173.  207.  283.]
 [  90.   93.  171.  162.   52.  113.  140.  192.]
 [ 109.  166.  161.  223.   35.  135.  145.  204.]
 [ 156.  224.  175.  219.   23.  134.  149.  229.]
 [ 188.  232.  223.  251.   94.  132.  245.  320.]
 [ 195.  214.  170.  241.   57.  165.  171.  259.]
 [ 166.  207.  220.  244.   75.  126.  192.  275.]
 [ 180.  235.  200.  228.   64.  113.  177.  268.]]
Your answer is:
[[ 193.  240.  258.  279.   57.  173.  207.  283.]
 [  90.   93.  171.  162.   52.  113.  140.  192.]
 [ 109.  166.  161.  223.   35.  135.  145.  204.]
 [ 156.  224.  175.  219.   23.  134.  149.  229.]
 [ 188.  232.  223.  251.   94.  132.  245.  320.]
 [ 195.  214.  170.  241.   57.  165.  171.  259.]
 [ 166.  207.  220.  244.   75.  126.  192.  275.]
 [ 180.  235.  200.  228.   64.  113.  177.  268.]]
##########

                                   ___
                               ,-""   `.
       Thank Mr. Goose       ,'  _   ' )`-._
                            /  ,' `-._<.===-'
                           /  /
                          /  ;
              _          /   ;
 (`._    _.-"" ""--..__,'    |
 <_  `-""                     \
  <`-                          :
   (__   <__.                  ;
     `-.   '-.__.      _.'    /
        \      `-.__,-'    _,'
         `._    ,    /__,-'
            ""._\__,'< <____
                 | |  `----.`.
                 | |        \ `.
                 ; |___      \-``
                 \   --<
                  `.`.<
                    `-'
                    

##########
